IAPARA2P1		952,34 7221116.474		595390.596
IAPARA2P2		952,67 7221097.264		595568.042
IAPARA2P3		948,79 7221158.731		595629.732
IAPARA2P4		937,15 7221242.963		595602.032
IAPARA2P5		943,97 7221188.727		595518.079
IAPARA2P6		951,49 7221126.442		595486.076
IAPARA2P7		950,36 7221162.753		595394.209
IAPARA2P8		952,10 7221218.268		595414.343
IAPARA2P9		940,21 7221274.356		595475.866
IAPARA2P10		934,64 7221347.615		595438.048
IAPARA2P11		934,77 7221387.359		595343.458
IAPARA2P12		939,84 7221322.830		595391.511
IAPARA2P13		943,36 7221289.330		595356.338
IAPARA2P14		937,27 7221372.126		595258.656
IAPARA2P15		941,73 7221306.806		595259.801
IAPARA2P16		944,69 7221271.792		595283.921



PARP1		952,63 7221144.271		595423.164
PARP2		952,74 7221147.995		595424.688
PARP3		952,81 7221151.609		595426.053
PARP4		952,11 7221155.602		595427.783
PARP5		951,38 7221159.283		595428.857
PARP6		952,62 7221125.505		595462.692
PARP7		953,02 7221129.830		595464.434
PARP8		952,28 7221134.933		595466.783
PARP9		951,82 7221139.292		595468.973
PARP10		952,46 7221142.565		595471.158
PARP11		948,56 7221187.601		595504.975
PARP12		949,76 7221192.361		595506.538
PARP13		947,47 7221195.530		595507.039
PARP14		947,95 7221199.105		595507.417
PARP15		947,22 7221203.262		595507.667
PARP16		949,17 7221210.400		595457.073
PARP17		948,98 7221214.023		595457.228
PARP18		946,88 7221217.409		595458.237
PARP19		946,99 7221221.834		595458.543
PARP20		947,23 7221226.052		595458.816
PARP21		945,03 7221259.448		595390.815
PARP22		944,95 7221263.237		595389.690
PARP23		945,04 7221267.576		595389.018
PARP24		945,31 7221271.530		595388.502
PARP25		944,71 7221275.493		595387.499
PARP26		945,40 7221243.749		595303.663
PARP27		946,02 7221247.145		595304.614
PARP28		944,90 7221250.919		595305.032
PARP29		946,42 7221254.370		595305.530
PARP30 		944,63 7221258.801		595306.239
PARP31 		941,23 7221317.509		595329.044
PARP32 		940,58 7221321.570		595327.700
PARP33 		940,40 7221324.200		595326.873
PARP34		938,83 7221328.065		595325.404
PARP35 		939,11 7221332.361		595324.745
PARP36 		938,80 7221317.396		595412.302
PARP37		938,16 7221321.330		595413.301
PARP38 		939,37 7221326.378		595414.558
PARP39 		937,32 7221329.416		595413.464
PARP40 		936,28 7221332.724		595414.160